image: carto_map.pgm
resolution: 0.050000
origin: [-4.115429, -4.817881, 0.000000]
negate: 0
occupied_thresh: 0.65
free_thresh: 0.196

